0.097
0.063
0.061
0.061
0.064
0.067
0.063
0.064
0.064
0.068
0.064
0.066
0.086
0.088
0.081
0.115
0.065
0.105
0.080
0.080
0.071
0.064
0.066
0.067
0.062
0.063
0.062
0.068
0.069
0.063
0.063
0.066
0.063
0.063
0.062
0.065
0.067
0.062
0.063
0.066
0.067
0.064
0.061
0.063
0.068
0.065
0.062
0.070
0.063
0.062
0.062
0.083
0.069
0.062
0.062
0.067
0.064
0.062
0.062
0.068
0.063
0.062
0.069
0.065
0.066
0.064
0.061
0.065
0.062
0.064
0.062
0.065
0.065
0.065
0.063
0.068
0.064
0.063
0.063
0.068
0.063
0.067
0.063
0.067
0.063
0.062
0.062
0.071
0.063
0.064
0.062
0.066
0.064
0.064
0.061
0.065
0.062
0.063
0.067
0.066
0.063
0.062
0.062
0.066
0.063
0.063
0.063
0.068
0.065
0.063
0.063
0.067
0.063
0.064
0.063
0.067
0.061
0.061
0.064
0.064
0.061
0.061
0.062
0.067
0.062
0.062
0.063
0.067
0.062
0.063
0.066
0.079
0.064
0.064
0.067
0.065
0.065
0.063
0.064
0.067
0.062
0.064
0.064
0.066
0.062
0.062
0.064
0.085
0.063
0.062
0.063
0.068
0.061
0.065
0.068
0.063
0.062
0.064
0.068
0.069
0.062
0.062
0.066
0.061
0.071
0.064
0.067
0.067
0.065
0.064
0.069
0.062
0.062
0.063
0.085
0.065
0.063
0.063
0.066
0.061
0.065
0.064
0.066
0.061
0.064
0.064
0.065
0.069
0.061
0.063
0.066
0.064
0.062
0.063
0.066
0.064
0.062
0.063
0.068
0.065
0.066
0.062
0.066
0.065
0.062
0.065
0.070
0.068
0.069
0.068
0.075
0.062
0.063
0.062
0.073
0.063
0.062
0.062
0.067
0.064
0.062
0.062
0.067
0.063
0.062
0.062
0.066
0.062
0.063
0.063
0.068
0.069
0.069
0.080
0.070
0.064
0.068
0.074
0.067
0.063
0.063
0.065
0.063
0.063
0.063
0.066
0.064
0.062
