Target,PC1,PC2
660,-2.380156669001546,5.868664418257104
515,-4.654631573877357,5.916457634118718
660,-12.379125405588386,-1.7564989694151132
620,-11.350679959850881,3.172887609472128
1020,-2.347630731814411,-4.259397475702445
312,-8.478227679978167,-1.0099366927604787
450,-1.451138616385852,-1.8409604262468042
750,9.575702595809165,-2.360882971443499
550,-8.50492836453379,0.6632549494320886
1185,0.6230337324647002,-0.9998874523648184
710,-3.436926300754551,-2.2076390661583547
365,1.2688106473374334,6.926539220015202
640,2.573719778068341,0.9580904605335315
1265,-6.324350189092094,-2.6734828895988874
392,-14.337381096830766,-4.023878351771171
970,17.70567237586314,-2.86633212854822
1195,-7.318084536257896,-3.7935723206192096
675,-2.3137903729596117,-0.2781722756161264
580,-12.454068729967945,0.08115012227282352
672,-15.50680827213829,0.2852356548506019
750,35.60544935572522,-3.7357418374756453
880,9.670169046473776,-3.832507540852574
290,-12.467789086420945,-2.015933271549068
1035,0.6394748949108096,-3.20581321998928
415,-20.49889553353733,0.5090639675684127
428,-15.378018122326017,-4.169385229017343
718,50.515494364131136,-1.359417771080585
685,-12.346843902987578,0.4408787092769334
1280,-5.337921109589044,-3.014233353007539
1290,-4.265161238006257,-5.156800332466851
1285,-6.383344757463202,-2.83180093351746
855,11.596768104989536,0.0718297019419938
735,17.499071111502086,1.8395692477237375
990,3.610931233274293,-2.4248238413707193
937,61.45747803725477,1.0115601774803888
510,-4.466075331740946,-0.14426729614178296
428,-3.4043231163268888,-3.460894679271632
1510,4.652149083879006,-1.5877924677936466
625,-14.471913766371667,2.2703927519822846
380,-14.564569483885869,1.6336807547544545
1065,26.698897547855125,-3.3643326604190937
520,-3.596351289711596,4.096886153985971
352,-14.49103960121518,1.248089297575711
355,3.5052885161218126,-0.4981365416625484
885,6.646344129761975,-2.5143617742997364
625,33.374967501640086,2.991574971642003
915,6.57956917465737,-0.22653441173035682
795,16.69854677533144,-2.999838510714148
466,-8.741689917993401,8.476821587844746
830,23.370465959742017,5.81994077690494
1015,-5.401618474247512,-2.0758562666755207
560,-2.5791616009333067,4.65980794379872
714,-14.428928277554066,-1.311979794343466
463,0.3962364976516533,3.3301994029209436
520,-6.44094755379988,-1.9120398962610137
760,27.727625333975485,-5.436093336583346
562,-12.481183757045164,-1.5116539361120735
495,-10.601407544951805,2.7935533056591444
625,-4.4969904061868125,0.18031383447869906
740,-5.453165764606331,1.6334442154186013
570,5.458106266338636,3.0189786707265958
985,0.7230382587772627,-3.6991931674732097
345,-2.446415092515753,-1.7084728616824483
695,-6.397345592446351,-0.6887353117692866
695,10.556937847817952,4.531698743581956
450,-0.36530562638983755,-2.528177271428954
985,38.22601887840757,10.962810721420492
1235,31.571453555667535,0.6768056195898294
378,-15.522023032386333,0.7639977302308365
600,5.456990645617088,2.5002628707780183
590,0.40187132776993273,4.698855299715597
630,-6.4155759326211275,-1.8743249193768898
840,19.59844133130821,1.6729889755784417
607,2.4878249074236396,0.6635780109304459
407,-15.572270317866675,1.2545533998579612
315,-10.574274729602639,2.055017533818363
1375,14.672331559974499,-2.0522599152782837
1450,11.753686808688157,-4.090245625290505
520,-12.451786497046925,1.7320649870635574
1480,12.745222166302185,-2.4903396435891136
520,-12.520792000828084,3.1814228533861546
1260,7.74650056640823,-1.9002990019934833
920,-0.4365126099783271,0.702534508313142
278,-14.471424434072777,-1.2715734926078373
500,11.491660511896825,-1.0414718713538331
1095,9.56189963686491,-0.42454651321415127
1065,1.6798325012077524,-3.560564262406456
1295,20.619198345397578,-1.4652056739330364
380,-18.53102838015955,0.867158248231191
680,2.591416751285665,-1.8564992584690614
870,2.449476235670847,1.0119768962829463
720,-11.571193815752325,1.7122121239532844
562,6.478872214077909,0.15788566359121559
450,-14.555567144657484,2.037155526318667
515,-15.546366164004805,2.782758942963012
480,-11.368411066343059,0.37130927734947367
680,6.529256835144572,1.0692404395660122
625,-30.612726369892528,2.843730758012363
1045,-3.239309336700107,-5.806291878940041
1150,-9.147315168651348,-8.569852327763074
520,-12.290486469598793,-9.19730043357287
425,15.418535994916361,6.616024533498112
530,3.514404567344944,0.9488603815707428
1130,14.61031284600232,0.7170129458710637
472,-13.578270633179216,3.8399723132287074
725,-7.490746276618587,3.046248042816253
650,-15.388936826847997,-2.192696335834009
650,-8.437872899924605,2.300546729283231
675,5.54181042859661,-0.38717398983210144
420,-13.401314335543638,-1.229594079489333
1060,17.676688343869774,-2.7282867199700074
488,-16.563808668718224,2.3859317732463357
1150,-8.16180209590843,-7.274333517912743
835,19.6043534184488,1.9293321604860096
1285,7.720549896276707,-2.781094988199671
1060,2.6353618891391197,-0.752997549519599
680,-16.561077510157602,1.531639083027083
770,1.5634235491313566,-0.7885168916975989
1270,1.6843838647855605,-2.7471849789866223
660,-9.349254436691165,0.7830177459831101
580,-20.58904846379925,2.019038886788946
1105,-2.4051793188160637,-1.706933707869342
880,-3.624787041486765,7.803675021597751
750,4.483915618786564,5.54058209755742
1050,-0.2093967054614893,-8.396372558979376
1190,10.802266307924759,-5.347989674239609
550,12.55904611316394,3.051273356272738
630,21.536799266066563,-0.7800470013542137
480,11.590695094563292,3.4890935206032196
415,-14.518105398628567,-0.5982292176440643
406,-12.456395695253079,-2.0442289474144575
495,-14.553839135383027,0.6143917547240997
562,-12.683188322861223,5.86065750740587
886,0.48367259368304216,1.1630745939008635
465,18.360286828696346,9.045642626680866
560,-4.4999526448664735,5.4586759461631145
780,25.689594463064537,-3.018063082214192
410,-14.579311716349116,4.523440900369749
510,-20.458384539091025,-1.217573741818167
1547,1.8742059543645222,-7.49274012516067
495,-20.52146828300298,0.526564004854315
438,-2.5386711232575534,1.2267098637598761
